%YAML:1.0
---
camera_matrix: !!opencv-matrix
   rows: 3
   cols: 3
   dt: d
   data: [ 521.0919902919636, 0., 306.62037765927977, 0., 520.7276403992485, 239.4199837230447, 0., 0., 1. ]
distortion: [-0.049479107984478736, -0.09310905073479003, 0.004374670070017788, 0.0007058149671183644]
