GIFT:
  maxFeatures: 93
  featureDist: 85.14085350941133
  minHarrisQuality: 0.04146866022398143
  featureSearchThreshold: 0.3573468737207705
  maxError: 100000000.0
  winSize: 17
  maxLevel: 2
  trackedFeatureDist: 18.31029378391811
  equaliseImageHistogram: false
  ransacParams:
    inlierThreshold: 0.0023054130418769516
    maxIterations: 53
    minDataPoints: 5
    minInliers: 47
